

10: [[10], [10], [10], [7, 3], [6, 4]]
13: [[7, 3, 3]]
15: [[9, 6], [8, 7], [8, 7], [5, 4, 3, 3]]
chromosome: [10, 10, 10, 15, 15, 15, 13, 15, 10, 15, 15, 10, 15, 10, 15, 13, 15, 13, 10, 15]
cost: 1230
20
20


10: [[10], [10], [7, 3]]
13: [[10, 3], [9, 4], [8, 5], [7, 6], [7, 6], [7, 3, 3]]
15: [[8, 4, 3]]
chromosome: [10, 13, 10, 13, 15, 13, 13, 13, 13, 10, 13, 13, 13, 15, 13, 13, 13, 10, 13, 15]
cost: 1230
20
20


running EA_stock_cutting...
10: [[10], [10], [10], [7, 3], [4, 3, 3]]
13: [[6, 4, 3]]
15: [[9, 6], [8, 7], [8, 7], [7, 5, 3]]
chromosome: [10, 10, 10, 15, 15, 15, 10, 15, 15, 15, 15, 13, 15, 13, 10, 10, 15, 10, 13, 10]
cost: 1230
--------
Piece lengths: [3, 4, 5, 6, 7, 8, 9, 10]
Quantities: [5, 2, 1, 2, 4, 2, 1, 3]
20
20



10: [[10], [10], [10], [7, 3], [7, 3]]
13: [[6, 4, 3]]
15: [[9, 6], [8, 7], [8, 7], [5, 4, 3, 3]]
chromosome: [10, 10, 10, 15, 15, 15, 10, 15, 10, 15, 13, 15, 15, 15, 13, 15, 13, 10, 10, 15]
cost: 1230
--------
Piece lengths: [3, 4, 5, 6, 7, 8, 9, 10]
Quantities:     [5, 2, 1, 2, 4, 2, 1, 3]
20
20